1669446281,0,1082
1669446281,1082,2479
1669446281,2479,3561
1669446281,3561,5369
1669446281,5369,5710
1669446289,5710,6792
1669446289,6792,8189
1669446289,8189,9271
1669446289,9271,11079
1669446289,11079,11420
1669446293,11420,12502
1669446293,12502,13899
1669446293,13899,14981
1669446293,14981,16789
1669446293,16789,17130
1669446307,17130,18212
1669446307,18212,19609
1669446307,19609,20691
1669446307,20691,22499
1669446307,22499,22840
1669446326,22840,23922
1669446326,23922,25319
1669446326,25319,26401
1669446326,26401,28209
1669446326,28209,28550
